1.4966516494750977
1.2612663507461548
1.1710327863693237
1.1344455480575562
1.0398420095443726
0.9778011441230774
0.9564194679260254
1.0183545351028442
0.9336801767349243
0.8689411282539368
0.8413931727409363
0.9407280683517456
0.8851821422576904
0.7892352342605591
0.8549813628196716
0.855157196521759
0.8635702133178711
0.8691748976707458
0.7567103505134583
0.8036828637123108
0.8329976797103882
0.8437975645065308
0.8040000200271606
0.7533445954322815
0.7558269500732422
0.7403895258903503
0.7476254105567932
0.7200432419776917
0.7571691274642944
0.7279893159866333
0.7024044394493103
0.7072300314903259
0.712679922580719
0.6697981357574463
0.7098206281661987
0.6879371404647827
0.6736363172531128
0.812491774559021
0.7183580994606018
0.7516654133796692
0.7175369262695312
0.7158381938934326
0.6991807222366333
0.6939180493354797
0.6842166781425476
0.6643414497375488
0.6803432106971741
0.7303892970085144
0.7347198724746704
0.666295051574707
0.7602457404136658
0.6987595558166504
0.7373143434524536
0.6817681789398193
0.7022050619125366
0.659507155418396
0.6741927266120911
0.7530505657196045
0.7850571870803833
0.7165147066116333
0.6495698690414429
0.6434262990951538
0.7120919227600098
0.6029816269874573
0.6248456239700317
0.7035672068595886
0.630424439907074
0.6294400691986084
0.6556459069252014
0.6406388282775879
0.6545782089233398
0.6424134969711304
0.7001547813415527
0.6276980638504028
0.7363288402557373
0.6306444406509399
0.6178871989250183
0.7009125351905823
0.7083859443664551
0.62088942527771
0.6711914539337158
0.7178449630737305
0.6189256310462952
0.6364492177963257
0.5943352580070496
0.6250298619270325
0.6340486407279968
0.6562361717224121
0.717123806476593
0.6534569263458252
0.6211596727371216
0.6086194515228271
0.6016724705696106
0.6213179230690002
0.6833059787750244
0.57169109582901
0.630280077457428
0.6144617199897766
0.5910964012145996
0.6638392210006714
0.608193039894104
0.6312077641487122
0.5656599998474121
0.6194407343864441
0.5757496356964111
0.6352882385253906
0.5415364503860474
0.6387504935264587
0.6417472958564758
0.5882986783981323
0.6617206931114197
0.6732165217399597
0.6956530809402466
0.5824319124221802
0.6868535280227661
0.6502256393432617
0.7015296816825867
0.7037514448165894
0.6168960332870483
0.6253628730773926
0.6273015141487122
0.6230577230453491
0.6199628114700317
0.7094056010246277
0.6125229597091675
0.6229662299156189
0.5907259583473206
0.6099230051040649
0.6393552422523499
0.5911155939102173
0.6369856595993042
0.6367473602294922
0.6462146639823914
0.6136250495910645
0.6281790137290955
0.6263872981071472
0.6509113311767578
0.5969654321670532
0.6782647371292114
0.5617823600769043
0.624252200126648
0.6360408663749695
0.6417167782783508
0.6079418063163757
0.6066203117370605
0.5807638168334961
0.6237462759017944
0.6644083857536316
0.6134161949157715
0.5630912780761719
0.6206857562065125
0.5741606950759888
0.6931039094924927
0.6450200080871582
0.6254845261573792
0.601502001285553
0.5819613337516785
0.6178926229476929
0.6008487939834595
0.565216064453125
0.6107154488563538
0.59012770652771
0.6716180443763733
0.5553638935089111
0.5537696480751038
0.5719536542892456
0.6513984799385071
0.6414780616760254
0.5527411699295044
0.5764423608779907
0.544962465763092
0.6475530862808228
0.5819274187088013
0.5992552042007446
0.5944786667823792
0.5851528644561768
0.5881288647651672
0.6045277714729309
0.5574721097946167
0.6342540979385376
0.6459247469902039
0.684930145740509
0.6247851848602295
0.6285321712493896
0.5506896376609802
0.5327509045600891
0.5446279048919678
0.6160614490509033
0.6523017883300781
0.6851847767829895
0.538796067237854
0.5670177340507507
0.5707747936248779
0.5496304035186768
0.549168586730957
0.5361502170562744
0.6172611713409424
0.5347886085510254
0.5624900460243225
0.5415394306182861
0.5612727403640747
0.5706741213798523
0.5877866148948669
0.7180254459381104
0.5487340688705444
0.5813683271408081
0.5606396794319153
0.560438871383667
0.5946826338768005
0.5497203469276428
0.5703406929969788
0.6052524447441101
0.6037536859512329
0.5962491035461426
0.6573238372802734
0.5508993268013
0.5765032768249512
0.6347858309745789
0.5832028388977051
0.5492059588432312
0.5532756447792053
0.5558802485466003
0.5521373748779297
0.5720303058624268
0.5630291104316711
0.5891013145446777
0.5424940586090088
0.5440508127212524
0.6024377346038818
0.5551024675369263
0.5536361932754517
0.6302619576454163
0.6620565056800842
0.6917248368263245
0.5519859790802002
0.5253903865814209
0.5543152093887329
0.5227129459381104
0.5116776823997498
0.5529365539550781
0.5767808556556702
0.5790137052536011
0.6512877941131592
0.5743939280509949
0.55577552318573
0.5456522703170776
0.6158117055892944
0.5527366995811462
0.5416272282600403
0.5591227412223816
0.552449643611908
0.5375016927719116
0.5299921035766602
0.5641103386878967
0.5754899978637695
0.6172063946723938
0.5627118349075317
0.5728314518928528
0.7770248651504517
0.5430729985237122
0.5671455264091492
0.5573833584785461
0.544629693031311
0.5411254167556763
0.6211965680122375
0.5180019736289978
0.541822075843811
0.5368058085441589
0.5783724784851074
0.5955702066421509
0.6123329401016235
0.5794766545295715
0.6133639812469482
0.5501816868782043
0.5441444516181946
0.5318360328674316
0.5362735986709595
0.6440183520317078
0.5667330026626587
0.5627847909927368
0.6308637857437134
0.6006565093994141
0.6003376245498657
0.5935163497924805
0.6199623346328735
0.5292413830757141
0.5948382616043091
0.6385151147842407
0.5928545594215393
0.6298161149024963
0.6304479837417603
0.5843936204910278
0.5571601390838623
0.6302889585494995
0.5225383043289185
0.5360326766967773
0.5551806092262268
0.5441917181015015
0.5557558536529541
0.5329267382621765
0.5709938406944275
0.5557482838630676
0.5527384281158447
0.5333693623542786
0.5432102084159851
0.552322268486023
0.5321635007858276
0.5648617744445801
0.527666449546814
0.5348085761070251
0.6003126502037048
0.5051350593566895
0.5308681130409241
0.6351807117462158
0.5526131391525269
0.6150093674659729
0.5421416163444519
0.7182556986808777
0.5531156063079834
0.5573713779449463
0.5482358932495117
0.5452280044555664
0.6806527972221375
0.6053759455680847
0.6006911396980286
0.5349931716918945
0.5143098831176758
0.5705938935279846
0.5026502013206482
0.5353767275810242
0.5711280107498169
0.512500524520874
0.5134046673774719
0.5821486115455627
0.5451366901397705
0.5550426840782166
0.5625035166740417
0.6082096695899963
0.5691899657249451
0.562666654586792
0.5491282939910889
0.5309017896652222
0.5416625142097473
0.5322076678276062
0.559600830078125
0.5394459962844849
0.5774990916252136
0.5441860556602478
0.6061444282531738
0.5480359196662903
0.5150588750839233
0.531364917755127
0.5393010973930359
0.5861448049545288
0.5369903445243835
0.4940450191497803
0.5876243114471436
0.49759441614151
0.5476441383361816
0.5053547620773315
0.5342438220977783
0.557214081287384
0.5721232891082764
0.5638002753257751
0.5369741916656494
0.5675447583198547
0.6010236144065857
0.5424453020095825
0.5740771293640137
0.5477614998817444
0.49863532185554504
0.47628310322761536
0.5524569153785706
0.5118097066879272
0.5596078634262085
0.5425910353660583
0.6030354499816895
0.5407958030700684
0.5874109268188477
0.5090926289558411
0.535388171672821
0.5311395525932312
0.5331687927246094
0.5054440498352051
0.5123488903045654
0.5541443824768066
0.5785178542137146
0.5546942949295044
0.5639223456382751
0.5079837441444397
0.5542856454849243
0.5010517835617065
0.575291097164154
0.526355504989624
0.49605265259742737
0.5831039547920227
0.5135126709938049
0.5358615517616272
0.5223339200019836
0.522373378276825
0.49920469522476196
0.5404789447784424
0.5423566102981567
0.5113905668258667
0.5832118988037109
0.5257649421691895
0.6088979244232178
0.5485662221908569
0.5475254058837891
0.5180337429046631
0.516826868057251
0.5483523607254028
0.5351007580757141
0.5719932317733765
0.6328936219215393
0.5123146176338196
0.5164216160774231
0.49714529514312744
0.6241600513458252
0.4964030385017395
0.5900486707687378
0.535409152507782
0.5105913281440735
0.5064959526062012
0.5508313179016113
0.5345253348350525
0.5244503021240234
0.5505333542823792
0.5761592388153076
0.527742326259613
0.49930882453918457
0.5254597663879395
0.6286736726760864
0.5574926137924194
0.5293542742729187
0.511160671710968
0.5483191609382629
0.5773996114730835
0.5423036217689514
0.511186420917511
0.512706995010376
0.5596944093704224
0.5550928115844727
0.4843265414237976
0.5994901061058044
0.5138931274414062
0.5527440309524536
0.49630096554756165
0.5018188953399658
0.4732927978038788
0.6300622224807739
0.5230152010917664
0.512277364730835
0.5399813652038574
0.5100050568580627
0.5498635768890381
0.5744830369949341
0.5007393956184387
0.5876528024673462
0.4986671209335327
0.5004401803016663
0.5570387244224548
0.5405250191688538
0.5119871497154236
0.5404034852981567
0.6073269248008728
0.5400465130805969
0.5140227675437927
0.5038900375366211
0.5097781419754028
0.5082188844680786
0.5070945024490356
0.48183372616767883
0.5092235207557678
0.5146881937980652
0.4930401146411896
0.5538941621780396
0.46624019742012024
0.5247313976287842
0.5271561741828918
0.5469091534614563
0.5368735194206238
0.5923634171485901
0.5395822525024414
0.5879824757575989
0.5780657529830933
0.5055561065673828
0.5013851523399353
0.5350578427314758
0.5678907036781311
0.5582063794136047
0.5020369291305542
0.47779205441474915
0.5108246207237244
0.5470272302627563
0.5277343988418579
0.5073493123054504
0.6172307729721069
0.5135201215744019
0.5471082329750061
0.519176721572876
0.5006484985351562
0.5444720983505249
0.5577684044837952
0.5521799921989441
0.5943341255187988
0.5285660028457642
0.5273698568344116
0.4759911596775055
0.4959212839603424
0.535489559173584
0.5058306455612183
0.5324847102165222
0.6138339638710022
0.5171406865119934
0.5248499512672424
0.5124312043190002
0.5695356130599976
0.49617141485214233
0.571293830871582
0.500845730304718
0.5552236437797546
0.4972885847091675
0.5568183660507202
0.5448307394981384
0.5194510221481323
0.50508713722229
0.5281692147254944
0.5489534139633179
0.5749310255050659
0.5189529657363892
0.5326550006866455
0.5080816745758057
0.49117499589920044
0.4838818311691284
0.5220717787742615
0.6256030797958374
0.5340549945831299
0.5236115455627441
0.534307599067688
0.5789834856987
0.5179688930511475
0.5193127989768982
0.4973549246788025
0.549105167388916
0.47679978609085083
0.5439282655715942
0.5437507629394531
0.5401111841201782
0.4911942780017853
0.5349274277687073
0.48376551270484924
0.5133776664733887
0.5695505738258362
0.5004909038543701
0.5352386236190796
0.4998040199279785
0.4982829689979553
0.5269932746887207
0.5684396028518677
0.5852252840995789
0.5477924346923828
0.5050216913223267
0.57433021068573
0.5041568875312805
0.5454340577125549
0.5020892024040222
0.5298253297805786
0.49402573704719543
0.4673386812210083
0.5242289900779724
0.4829753041267395
0.5197508931159973
0.5146132707595825
0.497219443321228
0.5560381412506104
0.48229286074638367
0.5221742391586304
0.5488795638084412
0.4893338978290558
0.5473944544792175
0.5168521404266357
0.5769233703613281
0.5207968354225159
0.5434949994087219
0.5781274437904358
0.5357598066329956
0.5218860507011414
0.5218745470046997
0.46813061833381653
0.5537747144699097
0.499152272939682
0.5043924450874329
0.6152883768081665
0.5414528846740723
0.4904657006263733
0.5096182227134705
0.5404151082038879
0.4620428681373596
0.49924755096435547
0.5147619247436523
0.5100783109664917
0.6014225482940674
0.5527781844139099
0.48366162180900574
0.5348643660545349
0.5137311816215515
0.5297382473945618
0.5666024684906006
0.5365088582038879
0.48030197620391846
0.5543893575668335
0.49109727144241333
0.5798588991165161
0.5054974555969238
0.5501550436019897
0.6084426045417786
0.4887450933456421
0.5125957131385803
0.5054359436035156
0.5696393251419067
0.5848366618156433
0.5349371433258057
0.5800187587738037
0.5889079570770264
0.48036298155784607
0.5198245048522949
0.5262244343757629
0.4837177097797394
0.5169951319694519
0.5555096864700317
0.47286278009414673
0.5309211611747742
0.5020043849945068
0.5484664440155029
0.5407721996307373
0.506571352481842
0.5117560625076294
0.49725857377052307
0.5003110766410828
0.4952642321586609
0.508888840675354
0.5137749314308167
0.4918484389781952
0.518670380115509
0.5891133546829224
0.509901225566864
0.5139758586883545
0.5087049007415771
0.6084187030792236
0.48986130952835083
0.47649335861206055
0.53571617603302
0.48831748962402344
0.4998280704021454
0.5983405113220215
0.4884836673736572
0.4724077880382538
0.4685293436050415
0.49559110403060913
0.4619363844394684
0.5394778251647949
0.5240963697433472
0.5721015334129333
0.4480525851249695
0.47389090061187744
0.5676430463790894
0.4700678884983063
0.4468795657157898
0.4795372486114502
0.5489600896835327
0.48123425245285034
0.5390847325325012
0.5766283869743347
0.5479260683059692
0.5192243456840515
0.510552704334259
0.49458080530166626
0.5184696316719055
0.4740421175956726
0.5193325877189636
0.540722668170929
0.5248731374740601
0.5216515064239502
0.5032591819763184
0.5716729760169983
0.5269134640693665
0.5108913779258728
0.49007943272590637
0.5031704902648926
0.5617760419845581
0.5479347705841064
0.5355014204978943
0.5018944144248962
0.5455146431922913
0.5570546984672546
0.5308310985565186
0.5287917852401733
0.4731033444404602
0.5479727387428284
0.4858767092227936
0.4771680235862732
0.5134052038192749
0.4365314245223999
0.5003774762153625
0.5547356605529785
0.609199583530426
0.5369763970375061
0.5848965644836426
0.5510241389274597
0.5360128879547119
0.5454251766204834
0.5108111500740051
0.5085789561271667
0.5341997146606445
0.48970645666122437
0.5689525604248047
0.46243155002593994
0.48845595121383667
0.46275898814201355
0.5561115145683289
0.48453935980796814
0.48945486545562744
0.5381133556365967
0.5370908379554749
0.488974928855896
0.47650983929634094
0.5157352089881897
0.48989638686180115
0.4902947247028351
0.4863166809082031
0.5312048196792603
0.517753005027771
0.5799997448921204
0.49617600440979004
0.5224829912185669
0.49542737007141113
0.46646562218666077
0.5595159530639648
0.49556881189346313
0.5162279009819031
0.5359586477279663
0.502395749092102
0.5107293725013733
